<?xml version="1.0"?>
<opencv_storage>
<calibration_time>"Sat Feb  8 18:48:52 2020"</calibration_time>
<nr_of_frames>25</nr_of_frames>
<image_width>640</image_width>
<image_height>480</image_height>
<board_width>9</board_width>
<board_height>6</board_height>
<square_size>21.</square_size>
<fix_aspect_ratio>1.</fix_aspect_ratio>
<!-- flags: +fix_aspectRatio +fix_principal_point +zero_tangent_dist +fix_k4 +fix_k5 -->
<flags>6158</flags>
<fisheye_model>0</fisheye_model>
<camera_matrix type_id="opencv-matrix">
  <rows>3</rows>
  <cols>3</cols>
  <dt>d</dt>
  <data>
    4.4654552919659221e+02 0. 3.1950000000000000e+02 0.
    4.4654552919659221e+02 2.3950000000000000e+02 0. 0. 1.</data></camera_matrix>
<distortion_coefficients type_id="opencv-matrix">
  <rows>5</rows>
  <cols>1</cols>
  <dt>d</dt>
  <data>
    -4.9779409245244205e-04 -4.3090045466933527e-02 0. 0.
    -7.9864104410326417e-02</data></distortion_coefficients>
<avg_reprojection_error>8.4613330923580843e-01</avg_reprojection_error>
<per_view_reprojection_errors type_id="opencv-matrix">
  <rows>25</rows>
  <cols>1</cols>
  <dt>f</dt>
  <data>
    1.86211810e-01 1.67297691e-01 1.63632140e-01 1.59500942e-01
    1.67141646e-01 3.40272933e-01 6.20804191e-01 2.20301941e-01
    2.76283443e-01 3.63676488e-01 3.14211547e-01 4.14378673e-01
    2.58345461e+00 2.42060900e+00 1.29765546e+00 1.29765546e+00
    2.78991818e-01 4.82729912e-01 2.91333914e-01 2.78882533e-01
    3.18913609e-01 3.07309002e-01 2.14780733e-01 1.73655704e-01
    2.82175720e-01</data></per_view_reprojection_errors>
<!-- a set of 6-tuples (rotation vector + translation vector) for each view -->
<extrinsic_parameters type_id="opencv-matrix">
  <rows>25</rows>
  <cols>6</cols>
  <dt>d</dt>
  <data>
    -9.6091994784036822e-02 -4.8164776200397608e-01
    -3.2768322611924278e-02 -2.0209678604595811e+02
    -9.4823085607474283e+01 3.4430814486974907e+02
    -9.0760775121639603e-02 -5.0557608420394895e-01
    -2.7575504498916104e-02 -1.9944869074324868e+02
    -9.7070874694419530e+01 3.4871857023248344e+02
    -9.3785957139769310e-02 -5.0081061045266551e-01
    -1.1091107471880862e-02 -1.9692546079840642e+02
    -9.7485259144793133e+01 3.5429126577602818e+02
    -9.8463734042650145e-02 -4.7696767998266321e-01
    -5.9595616114156778e-04 -1.9561011152315558e+02
    -9.6227807595634502e+01 3.5634607519460644e+02
    -1.0678288925748727e-01 -4.5192705779850145e-01
    -2.7105721408692820e-03 -1.9413586873057164e+02
    -9.5319307059537408e+01 3.5752970644042210e+02
    -1.2414882057122847e-01 -4.1741756552129688e-01
    9.5502121064284431e-03 -1.8453661180600938e+02
    -9.5407718674567434e+01 3.6310050120677380e+02
    -1.3528871818527125e-01 -3.6515547436525181e-01
    4.2313492502045746e-02 -1.7221428480712774e+02
    -9.5179270282973519e+01 3.7239652970234118e+02
    -1.5194360798576134e-01 -3.2628434343587953e-01
    4.7601343739693741e-02 -1.6412588798181355e+02
    -9.5649667398029521e+01 3.8341506940670308e+02
    -1.6820548845903618e-01 -3.1347246355735664e-01
    3.3085585701895910e-02 -1.5768589765693196e+02
    -9.6216388494585431e+01 3.8912062682485009e+02
    -1.5957738127292823e-01 -2.6323261362760947e-01
    5.7148063408451771e-02 -1.2829021257190206e+02
    -9.6801435260571409e+01 3.9932632225256521e+02
    -1.5638200177370498e-01 -2.4361874783846285e-01
    6.3794065060261432e-02 -1.1661394729509900e+02
    -9.5937474725699488e+01 4.0240991744270866e+02
    -1.5482066807913233e-01 -2.1478402511550335e-01
    6.5164860500222133e-02 -1.0308236924519314e+02
    -9.5111363519705378e+01 4.0547158515849947e+02
    -1.0603390538560811e-01 -2.0445333948255923e-01
    6.6074265437228705e-02 -8.8787349621181164e+01
    -9.5824850312203978e+01 4.1530320401889662e+02
    -1.1075539042856231e-01 -2.2135192270086892e-02
    8.0210541625721984e-02 -6.2893634581870202e+01
    -9.5492208160718619e+01 4.3474057933551438e+02
    -2.2576531803997663e-01 4.5819896237191945e-02
    6.4660554890219268e-02 -4.0779495071913004e+01
    -8.6959665333287461e+01 4.4115832341195573e+02
    -2.2576531803997707e-01 4.5819896237191758e-02
    6.4660554890219185e-02 -4.0779495071913011e+01
    -8.6959665333287447e+01 4.4115832341195573e+02
    -6.5120731126813480e-01 2.7214409864221377e-02
    6.4628197236073312e-02 -3.2116452911671601e+01
    -3.1306694911016219e+01 4.8926312323812817e+02
    -6.9553132023709274e-01 2.7762530453862923e-02
    5.6021993424574770e-02 -3.5225255939105658e+01
    -2.6013255975197815e+01 4.9338788282608448e+02
    -7.4018701941004084e-01 3.2390518713212572e-02
    5.2574343876203744e-02 -3.8728836811906135e+01
    -2.2829526045756069e+01 4.9629779734831453e+02
    -7.1492588582511751e-01 2.9815098374033143e-02
    4.9788865416342164e-02 -4.2434396294499066e+01
    -2.5026586599750548e+01 4.9339770744124701e+02
    -4.6595415343332025e-01 -2.4930614469604581e-02
    5.7010171829222835e-02 -5.8048354979617606e+01
    -3.8339706887756911e+01 4.6370083459254454e+02
    -2.3954576919530904e-01 -3.3676634848121745e-01
    1.4457769032179428e-02 -9.3447947972858131e+01
    -7.7973664982937336e+01 4.1655580857364765e+02
    -1.4645925262121701e-01 -3.5808515119871182e-01
    6.5643568985829168e-03 -9.3101098792487406e+01
    -8.5074605083446002e+01 4.0140664440383119e+02
    -6.5732606135116098e-02 -3.6024996488231337e-01
    -5.4096895260462665e-04 -9.2236227862851464e+01
    -8.7778681233518157e+01 3.8933446670065638e+02
    -2.1472911697717374e-02 -3.3809730609979766e-01
    1.9514491282730632e-03 -8.8424479731828669e+01
    -9.0122944583858555e+01 3.8522460532637905e+02</data></extrinsic_parameters>
